soren-st-pl32-k16-23.05.12-03:19.txt	12.794	6.551	21.982
soren-st-pl64-k16-23.05.12-03:29.txt	10.132	5.335	17.55
soren-st-pl128-k16-23.05.12-03:38.txt	8.398	5.908	19.519000000000002
soren-st-pl256-k16-23.05.12-03:47.txt	7.8100000000000005	6.155	15.176
soren-st-pl512-k16-23.05.12-03:56.txt	7.748	6.658	15.512
